01100608000408df0200028f0cffd3a3c5,2,绝对位置,0,1,266.667,100,0,-2912500
0110060c000408d0020002a9ccfff318e6,3,绝对位置,0,6.66667,266.667,100,0,-808500
01100608000408df0200028f0cffd3a3c5,2,绝对位置,0,1,266.667,100,0,-2912500
01100610000408d00200027ed8ffb3b149,4,绝对位置,0,6.66667,266.667,100,0,-5013800
01100614000408d002000270fcff9303bd,5,绝对位置,0,6.66667,266.667,100,0,-7114500
01100618000408d00200025448ff7358f3,6,绝对位置,0,6.66667,266.667,100,0,-9219000
0110061c000408d00200024d10ff532e6b,7,绝对位置,0,6.66667,266.667,100,0,-11318000
01100620000408d0020002e8b0ff129ce5,8,绝对位置,0,6.66667,266.667,100,0,-15538000
01100624000408d0020002bd40fec27cd9,9,绝对位置,0,6.66667,266.667,100,0,-20792000
0110060400040800020002000000001473,1,绝对位置,0,6.66667,6.66667,100,0,0
