01100650000408dd02001285b0ffdec139,20,绝对位置,0,266.667,266.667,100,100,-2194000
01100608000408df0200028f0cffd3a3c5,2,绝对位置,0,1,266.667,100,0,-2912500
01100654000408dd0200128260ffbe3053,21,绝对位置,0,266.667,266.667,100,100,-4292000
01100610000408d00200027ed8ffb3b149,4,绝对位置,0,6.66667,266.667,100,0,-5013800
01100658000408dd02001261c4ff9e57fc,22,绝对位置,0,266.667,266.667,100,100,-6397500
01100614000408d002000270fcff9303bd,5,绝对位置,0,6.66667,266.667,100,0,-7114500
0110065c000408dd0200123ed0ff7ef5ab,23,绝对位置,0,266.667,266.667,100,100,-8503600
01100618000408d00200025448ff7358f3,6,绝对位置,0,6.66667,266.667,100,0,-9219000
01100660000408dd0200123734ff5ee788,24,绝对位置,0,266.667,266.667,100,100,-10602700
0110061c000408d00200024d10ff532e6b,7,绝对位置,0,6.66667,266.667,100,0,-11318000
